1,110101,东城,110100
2,110102,西城,110100
3,110103,崇文,110100
4,110104,宣武,110100
5,110105,朝阳,110100
6,110106,丰台,110100
7,110107,石景山,110100
8,110108,海淀,110100
9,110109,门头沟,110100
10,110111,房山,110100
11,110112,通州,110100
12,110113,顺义,110100
13,110114,昌平,110100
14,110115,大兴,110100
15,110116,怀柔,110100
16,110117,平谷,110100
17,110228,密云,110200
18,110229,延庆,110200
19,120101,和平,120100
20,120102,河东,120100
21,120103,河西,120100
22,120104,南开,120100
23,120105,河北,120100
24,120106,红桥,120100
25,120107,塘沽,120100
26,120108,汉沽,120100
27,120109,大港,120100
28,120110,东丽,120100
29,120111,西青,120100
30,120112,津南,120100
31,120113,北辰,120100
32,120114,武清,120100
33,120115,宝坻,120100
34,120221,宁河,120200
35,120223,静海,120200
36,120225,蓟　,120200
37,130101,市辖,130100
38,130102,长安,130100
39,130103,桥东,130100
40,130104,桥西,130100
41,130105,新华,130100
42,130107,井陉矿,130100
43,130108,裕华,130100
44,130121,井陉,130100
45,130123,正定,130100
46,130124,栾城,130100
47,130125,行唐,130100
48,130126,灵寿,130100
49,130127,高邑,130100
50,130128,深泽,130100
51,130129,赞皇,130100
52,130130,无极,130100
53,130131,平山,130100
54,130132,元氏,130100
55,130133,赵　,130100
56,130181,辛集市,130100
57,130182,藁城市,130100
58,130183,晋州市,130100
59,130184,新乐市,130100
60,130185,鹿泉市,130100
61,130201,市辖,130200
62,130202,路南,130200
63,130203,路北,130200
64,130204,古冶,130200
65,130205,开平,130200
66,130207,丰南,130200
67,130208,丰润,130200
68,130223,滦　,130200
69,130224,滦南,130200
70,130225,乐亭,130200
71,130227,迁西,130200
72,130229,玉田,130200
73,130230,唐海,130200
74,130281,遵化市,130200
75,130283,迁安市,130200
76,130301,市辖,130300
77,130302,海港,130300
78,130303,山海关,130300
79,130304,北戴河,130300
80,130321,青龙满族自治,130300
81,130322,昌黎,130300
82,130323,抚宁,130300
83,130324,卢龙,130300
84,130401,市辖,130400
85,130402,邯山,130400
86,130403,丛台,130400
87,130404,复兴,130400
88,130406,峰峰矿,130400
89,130421,邯郸,130400
90,130423,临漳,130400
91,130424,成安,130400
92,130425,大名,130400
93,130426,涉　,130400
94,130427,磁　,130400
95,130428,肥乡,130400
96,130429,永年,130400
97,130430,邱　,130400
98,130431,鸡泽,130400
99,130432,广平,130400
100,130433,馆陶,130400
101,130434,魏　,130400
102,130435,曲周,130400
103,130481,武安市,130400
104,130501,市辖,130500
105,130502,桥东,130500
106,130503,桥西,130500
107,130521,邢台,130500
108,130522,临城,130500
109,130523,内丘,130500
110,130524,柏乡,130500
111,130525,隆尧,130500
112,130526,任　,130500
113,130527,南和,130500
114,130528,宁晋,130500
115,130529,巨鹿,130500
116,130530,新河,130500
117,130531,广宗,130500
118,130532,平乡,130500
119,130533,威　,130500
120,130534,清河,130500
121,130535,临西,130500
122,130581,南宫市,130500
123,130582,沙河市,130500
124,130601,市辖,130600
125,130602,新市,130600
126,130603,北市,130600
127,130604,南市,130600
128,130621,满城,130600
129,130622,清苑,130600
130,130623,涞水,130600
131,130624,阜平,130600
132,130625,徐水,130600
133,130626,定兴,130600
134,130627,唐　,130600
135,130628,高阳,130600
136,130629,容城,130600
137,130630,涞源,130600
138,130631,望都,130600
139,130632,安新,130600
140,130633,易　,130600
141,130634,曲阳,130600
142,130635,蠡　,130600
143,130636,顺平,130600
144,130637,博野,130600
145,130638,雄　,130600
146,130681,涿州市,130600
147,130682,定州市,130600
148,130683,安国市,130600
149,130684,高碑店市,130600
150,130701,市辖,130700
151,130702,桥东,130700
152,130703,桥西,130700
153,130705,宣化,130700
154,130706,下花园,130700
155,130721,宣化,130700
156,130722,张北,130700
157,130723,康保,130700
158,130724,沽源,130700
159,130725,尚义,130700
160,130726,蔚　,130700
161,130727,阳原,130700
162,130728,怀安,130700
163,130729,万全,130700
164,130730,怀来,130700
165,130731,涿鹿,130700
166,130732,赤城,130700
167,130733,崇礼,130700
168,130801,市辖,130800
169,130802,双桥,130800
170,130803,双滦,130800
171,130804,鹰手营子矿,130800
172,130821,承德,130800
173,130822,兴隆,130800
174,130823,平泉,130800
175,130824,滦平,130800
176,130825,隆化,130800
177,130826,丰宁满族自治,130800
178,130827,宽城满族自治,130800
179,130828,围场满族蒙古族自治,130800
180,130901,市辖,130900
181,130902,新华,130900
182,130903,运河,130900
183,130921,沧　,130900
184,130922,青　,130900
185,130923,东光,130900
186,130924,海兴,130900
187,130925,盐山,130900
188,130926,肃宁,130900
189,130927,南皮,130900
190,130928,吴桥,130900
191,130929,献　,130900
192,130930,孟村回族自治,130900
193,130981,泊头市,130900
194,130982,任丘市,130900
195,130983,黄骅市,130900
196,130984,河间市,130900
197,131001,市辖,131000
198,131002,安次,131000
199,131003,广阳,131000
200,131022,固安,131000
201,131023,永清,131000
202,131024,香河,131000
203,131025,大城,131000
204,131026,文安,131000
205,131028,大厂回族自治,131000
206,131081,霸州市,131000
207,131082,三河市,131000
208,131101,市辖,131100
209,131102,桃城,131100
210,131121,枣强,131100
211,131122,武邑,131100
212,131123,武强,131100
213,131124,饶阳,131100
214,131125,安平,131100
215,131126,故城,131100
216,131127,景　,131100
217,131128,阜城,131100
218,131181,冀州市,131100
219,131182,深州市,131100
220,140101,市辖,140100
221,140105,小店,140100
222,140106,迎泽,140100
223,140107,杏花岭,140100
224,140108,尖草坪,140100
225,140109,万柏林,140100
226,140110,晋源,140100
227,140121,清徐,140100
228,140122,阳曲,140100
229,140123,娄烦,140100
230,140181,古交市,140100
231,140201,市辖,140200
232,140202,城　,140200
233,140203,矿　,140200
234,140211,南郊,140200
235,140212,新荣,140200
236,140221,阳高,140200
237,140222,天镇,140200
238,140223,广灵,140200
239,140224,灵丘,140200
240,140225,浑源,140200
241,140226,左云,140200
242,140227,大同,140200
243,140301,市辖,140300
244,140302,城　,140300
245,140303,矿　,140300
246,140311,郊　,140300
247,140321,平定,140300
248,140322,盂　,140300
249,140401,市辖,140400
250,140402,城　,140400
251,140411,郊　,140400
252,140421,长治,140400
253,140423,襄垣,140400
254,140424,屯留,140400
255,140425,平顺,140400
256,140426,黎城,140400
257,140427,壶关,140400
258,140428,长子,140400
259,140429,武乡,140400
260,140430,沁　,140400
261,140431,沁源,140400
262,140481,潞城市,140400
263,140501,市辖,140500
264,140502,城　,140500
265,140521,沁水,140500
266,140522,阳城,140500
267,140524,陵川,140500
268,140525,泽州,140500
269,140581,高平市,140500
270,140601,市辖,140600
271,140602,朔城,140600
272,140603,平鲁,140600
273,140621,山阴,140600
274,140622,应　,140600
275,140623,右玉,140600
276,140624,怀仁,140600
277,140701,市辖,140700
278,140702,榆次,140700
279,140721,榆社,140700
280,140722,左权,140700
281,140723,和顺,140700
282,140724,昔阳,140700
283,140725,寿阳,140700
284,140726,太谷,140700
285,140727,祁　,140700
286,140728,平遥,140700
287,140729,灵石,140700
288,140781,介休市,140700
289,140801,市辖,140800
290,140802,盐湖,140800
291,140821,临猗,140800
292,140822,万荣,140800
293,140823,闻喜,140800
294,140824,稷山,140800
295,140825,新绛,140800
296,140826,绛　,140800
297,140827,垣曲,140800
298,140828,夏　,140800
299,140829,平陆,140800
300,140830,芮城,140800
301,140881,永济市,140800
302,140882,河津市,140800
303,140901,市辖,140900
304,140902,忻府,140900
305,140921,定襄,140900
306,140922,五台,140900
307,140923,代　,140900
308,140924,繁峙,140900
309,140925,宁武,140900
310,140926,静乐,140900
311,140927,神池,140900
312,140928,五寨,140900
313,140929,岢岚,140900
314,140930,河曲,140900
315,140931,保德,140900
316,140932,偏关,140900
317,140981,原平市,140900
318,141001,市辖,141000
319,141002,尧都,141000
320,141021,曲沃,141000
321,141022,翼城,141000
322,141023,襄汾,141000
323,141024,洪洞,141000
324,141025,古　,141000
325,141026,安泽,141000
326,141027,浮山,141000
327,141028,吉　,141000
328,141029,乡宁,141000
329,141030,大宁,141000
330,141031,隰　,141000
331,141032,永和,141000
332,141033,蒲　,141000
333,141034,汾西,141000
334,141081,侯马市,141000
335,141082,霍州市,141000
336,141101,市辖,141100
337,141102,离石,141100
338,141121,文水,141100
339,141122,交城,141100
340,141123,兴　,141100
341,141124,临　,141100
342,141125,柳林,141100
343,141126,石楼,141100
344,141127,岚　,141100
345,141128,方山,141100
346,141129,中阳,141100
347,141130,交口,141100
348,141181,孝义市,141100
349,141182,汾阳市,141100
350,150101,市辖,150100
351,150102,新城,150100
352,150103,回民,150100
353,150104,玉泉,150100
354,150105,赛罕,150100
355,150121,土默特左旗,150100
356,150122,托克托,150100
357,150123,和林格尔,150100
358,150124,清水河,150100
359,150125,武川,150100
360,150201,市辖,150200
361,150202,东河,150200
362,150203,昆都仑,150200
363,150204,青山,150200
364,150205,石拐,150200
365,150206,白云矿,150200
366,150207,九原,150200
367,150221,土默特右旗,150200
368,150222,固阳,150200
369,150223,达尔罕茂明安联合旗,150200
370,150301,市辖,150300
371,150302,海勃湾,150300
372,150303,海南,150300
373,150304,乌达,150300
374,150401,市辖,150400
375,150402,红山,150400
376,150403,元宝山,150400
377,150404,松山,150400
378,150421,阿鲁科尔沁旗,150400
379,150422,巴林左旗,150400
380,150423,巴林右旗,150400
381,150424,林西,150400
382,150425,克什克腾旗,150400
383,150426,翁牛特旗,150400
384,150428,喀喇沁旗,150400
385,150429,宁城,150400
386,150430,敖汉旗,150400
387,150501,市辖,150500
388,150502,科尔沁,150500
389,150521,科尔沁左翼中旗,150500
390,150522,科尔沁左翼后旗,150500
391,150523,开鲁,150500
392,150524,库伦旗,150500
393,150525,奈曼旗,150500
394,150526,扎鲁特旗,150500
395,150581,霍林郭勒市,150500
396,150602,东胜,150600
397,150621,达拉特旗,150600
398,150622,准格尔旗,150600
399,150623,鄂托克前旗,150600
400,150624,鄂托克旗,150600
401,150625,杭锦旗,150600
402,150626,乌审旗,150600
403,150627,伊金霍洛旗,150600
404,150701,市辖,150700
405,150702,海拉尔,150700
406,150721,阿荣旗,150700
407,150722,莫力达瓦达斡尔族自治旗,150700
408,150723,鄂伦春自治旗,150700
409,150724,鄂温克族自治旗,150700
410,150725,陈巴尔虎旗,150700
411,150726,新巴尔虎左旗,150700
412,150727,新巴尔虎右旗,150700
413,150781,满洲里市,150700
414,150782,牙克石市,150700
415,150783,扎兰屯市,150700
416,150784,额尔古纳市,150700
417,150785,根河市,150700
418,150801,市辖,150800
419,150802,临河,150800
420,150821,五原,150800
421,150822,磴口,150800
422,150823,乌拉特前旗,150800
423,150824,乌拉特中旗,150800
424,150825,乌拉特后旗,150800
425,150826,杭锦后旗,150800
426,150901,市辖,150900
427,150902,集宁,150900
428,150921,卓资,150900
429,150922,化德,150900
430,150923,商都,150900
431,150924,兴和,150900
432,150925,凉城,150900
433,150926,察哈尔右翼前旗,150900
434,150927,察哈尔右翼中旗,150900
435,150928,察哈尔右翼后旗,150900
436,150929,四子王旗,150900
437,150981,丰镇市,150900
438,152201,乌兰浩特市,152200
439,152202,阿尔山市,152200
440,152221,科尔沁右翼前旗,152200
441,152222,科尔沁右翼中旗,152200
442,152223,扎赉特旗,152200
443,152224,突泉,152200
444,152501,二连浩特市,152500
445,152502,锡林浩特市,152500
446,152522,阿巴嘎旗,152500
447,152523,苏尼特左旗,152500
448,152524,苏尼特右旗,152500
449,152525,东乌珠穆沁旗,152500
450,152526,西乌珠穆沁旗,152500
451,152527,太仆寺旗,152500
452,152528,镶黄旗,152500
453,152529,正镶白旗,152500
454,152530,正蓝旗,152500
455,152531,多伦,152500
456,152921,阿拉善左旗,152900
457,152922,阿拉善右旗,152900
458,152923,额济纳旗,152900
459,210101,市辖,210100
460,210102,和平,210100
461,210103,沈河,210100
462,210104,大东,210100
463,210105,皇姑,210100
464,210106,铁西,210100
465,210111,苏家屯,210100
466,210112,东陵,210100
467,210113,新城子,210100
468,210114,于洪,210100
469,210122,辽中,210100
470,210123,康平,210100
471,210124,法库,210100
472,210181,新民市,210100
473,210201,市辖,210200
474,210202,中山,210200
475,210203,西岗,210200
476,210204,沙河口,210200
477,210211,甘井子,210200
478,210212,旅顺口,210200
479,210213,金州,210200
480,210224,长海,210200
481,210281,瓦房店市,210200
482,210282,普兰店市,210200
483,210283,庄河市,210200
484,210301,市辖,210300
485,210302,铁东,210300
486,210303,铁西,210300
487,210304,立山,210300
488,210311,千山,210300
489,210321,台安,210300
490,210323,岫岩满族自治,210300
491,210381,海城市,210300
492,210401,市辖,210400
493,210402,新抚,210400
494,210403,东洲,210400
495,210404,望花,210400
496,210411,顺城,210400
497,210421,抚顺,210400
498,210422,新宾满族自治,210400
499,210423,清原满族自治,210400
500,210501,市辖,210500
501,210502,平山,210500
502,210503,溪湖,210500
503,210504,明山,210500
504,210505,南芬,210500
505,210521,本溪满族自治,210500
506,210522,桓仁满族自治,210500
507,210601,市辖,210600
508,210602,元宝,210600
509,210603,振兴,210600
510,210604,振安,210600
511,210624,宽甸满族自治,210600
512,210681,东港市,210600
513,210682,凤城市,210600
514,210701,市辖,210700
515,210702,古塔,210700
516,210703,凌河,210700
517,210711,太和,210700
518,210726,黑山,210700
519,210727,义　,210700
520,210781,凌海市,210700
521,210782,北宁市,210700
522,210801,市辖,210800
523,210802,站前,210800
524,210803,西市,210800
525,210804,鲅鱼圈,210800
526,210811,老边,210800
527,210881,盖州市,210800
528,210882,大石桥市,210800
529,210901,市辖,210900
530,210902,海州,210900
531,210903,新邱,210900
532,210904,太平,210900
533,210905,清河门,210900
534,210911,细河,210900
535,210921,阜新蒙古族自治,210900
536,210922,彰武,210900
537,211001,市辖,211000
538,211002,白塔,211000
539,211003,文圣,211000
540,211004,宏伟,211000
541,211005,弓长岭,211000
542,211011,太子河,211000
543,211021,辽阳,211000
544,211081,灯塔市,211000
545,211101,市辖,211100
546,211102,双台子,211100
547,211103,兴隆台,211100
548,211121,大洼,211100
549,211122,盘山,211100
550,211201,市辖,211200
551,211202,银州,211200
552,211204,清河,211200
553,211221,铁岭,211200
554,211223,西丰,211200
555,211224,昌图,211200
556,211281,调兵山市,211200
557,211282,开原市,211200
558,211301,市辖,211300
559,211302,双塔,211300
560,211303,龙城,211300
561,211321,朝阳,211300
562,211322,建平,211300
563,211324,喀喇沁左翼蒙古族自治,211300
564,211381,北票市,211300
565,211382,凌源市,211300
566,211401,市辖,211400
567,211402,连山,211400
568,211403,龙港,211400
569,211404,南票,211400
570,211421,绥中,211400
571,211422,建昌,211400
572,211481,兴城市,211400
573,220101,市辖,220100
574,220102,南关,220100
575,220103,宽城,220100
576,220104,朝阳,220100
577,220105,二道,220100
578,220106,绿园,220100
579,220112,双阳,220100
580,220122,农安,220100
581,220181,九台市,220100
582,220182,榆树市,220100
583,220183,德惠市,220100
584,220201,市辖,220200
585,220202,昌邑,220200
586,220203,龙潭,220200
587,220204,船营,220200
588,220211,丰满,220200
589,220221,永吉,220200
590,220281,蛟河市,220200
591,220282,桦甸市,220200
592,220283,舒兰市,220200
593,220284,磐石市,220200
594,220301,市辖,220300
595,220302,铁西,220300
596,220303,铁东,220300
597,220322,梨树,220300
598,220323,伊通满族自治,220300
599,220381,公主岭市,220300
600,220382,双辽市,220300
601,220401,市辖,220400
602,220402,龙山,220400
603,220403,西安,220400
604,220421,东丰,220400
605,220422,东辽,220400
606,220501,市辖,220500
607,220502,东昌,220500
608,220503,二道江,220500
609,220521,通化,220500
610,220523,辉南,220500
611,220524,柳河,220500
612,220581,梅河口市,220500
613,220582,集安市,220500
614,220601,市辖,220600
615,220602,八道江,220600
616,220621,抚松,220600
617,220622,靖宇,220600
618,220623,长白朝鲜族自治,220600
619,220625,江源,220600
620,220681,临江市,220600
621,220701,市辖,220700
622,220702,宁江,220700
623,220721,前郭尔罗斯蒙古族自治,220700
624,220722,长岭,220700
625,220723,乾安,220700
626,220724,扶余,220700
627,220801,市辖,220800
628,220802,洮北,220800
629,220821,镇赉,220800
630,220822,通榆,220800
631,220881,洮南市,220800
632,220882,大安市,220800
633,222401,延吉市,222400
634,222402,图们市,222400
635,222403,敦化市,222400
636,222404,珲春市,222400
637,222405,龙井市,222400
638,222406,和龙市,222400
639,222424,汪清,222400
640,222426,安图,222400
641,230101,市辖,230100
642,230102,道里,230100
643,230103,南岗,230100
644,230104,道外,230100
645,230106,香坊,230100
646,230107,动力,230100
647,230108,平房,230100
648,230109,松北,230100
649,230111,呼兰,230100
650,230123,依兰,230100
651,230124,方正,230100
652,230125,宾　,230100
653,230126,巴彦,230100
654,230127,木兰,230100
655,230128,通河,230100
656,230129,延寿,230100
657,230181,阿城市,230100
658,230182,双城市,230100
659,230183,尚志市,230100
660,230184,五常市,230100
661,230201,市辖,230200
662,230202,龙沙,230200
663,230203,建华,230200
664,230204,铁锋,230200
665,230205,昂昂溪,230200
666,230206,富拉尔基,230200
667,230207,碾子山,230200
668,230208,梅里斯达斡尔族,230200
669,230221,龙江,230200
670,230223,依安,230200
671,230224,泰来,230200
672,230225,甘南,230200
673,230227,富裕,230200
674,230229,克山,230200
675,230230,克东,230200
676,230231,拜泉,230200
677,230281,讷河市,230200
678,230301,市辖,230300
679,230302,鸡冠,230300
680,230303,恒山,230300
681,230304,滴道,230300
682,230305,梨树,230300
683,230306,城子河,230300
684,230307,麻山,230300
685,230321,鸡东,230300
686,230381,虎林市,230300
687,230382,密山市,230300
688,230401,市辖,230400
689,230402,向阳,230400
690,230403,工农,230400
691,230404,南山,230400
692,230405,兴安,230400
693,230406,东山,230400
694,230407,兴山,230400
695,230421,萝北,230400
696,230422,绥滨,230400
697,230501,市辖,230500
698,230502,尖山,230500
699,230503,岭东,230500
700,230505,四方台,230500
701,230506,宝山,230500
702,230521,集贤,230500
703,230522,友谊,230500
704,230523,宝清,230500
705,230524,饶河,230500
706,230601,市辖,230600
707,230602,萨尔图,230600
708,230603,龙凤,230600
709,230604,让胡路,230600
710,230605,红岗,230600
711,230606,大同,230600
712,230621,肇州,230600
713,230622,肇源,230600
714,230623,林甸,230600
715,230624,杜尔伯特蒙古族自治,230600
716,230701,市辖,230700
717,230702,伊春,230700
718,230703,南岔,230700
719,230704,友好,230700
720,230705,西林,230700
721,230706,翠峦,230700
722,230707,新青,230700
723,230708,美溪,230700
724,230709,金山屯,230700
725,230710,五营,230700
726,230711,乌马河,230700
727,230712,汤旺河,230700
728,230713,带岭,230700
729,230714,乌伊岭,230700
730,230715,红星,230700
731,230716,上甘岭,230700
732,230722,嘉荫,230700
733,230781,铁力市,230700
734,230801,市辖,230800
735,230802,永红,230800
736,230803,向阳,230800
737,230804,前进,230800
738,230805,东风,230800
739,230811,郊　,230800
740,230822,桦南,230800
741,230826,桦川,230800
742,230828,汤原,230800
743,230833,抚远,230800
744,230881,同江市,230800
745,230882,富锦市,230800
746,230901,市辖,230900
747,230902,新兴,230900
748,230903,桃山,230900
749,230904,茄子河,230900
750,230921,勃利,230900
751,231001,市辖,231000
752,231002,东安,231000
753,231003,阳明,231000
754,231004,爱民,231000
755,231005,西安,231000
756,231024,东宁,231000
757,231025,林口,231000
758,231081,绥芬河市,231000
759,231083,海林市,231000
760,231084,宁安市,231000
761,231085,穆棱市,231000
762,231101,市辖,231100
763,231102,爱辉,231100
764,231121,嫩江,231100
765,231123,逊克,231100
766,231124,孙吴,231100
767,231181,北安市,231100
768,231182,五大连池市,231100
769,231201,市辖,231200
770,231202,北林,231200
771,231221,望奎,231200
772,231222,兰西,231200
773,231223,青冈,231200
774,231224,庆安,231200
775,231225,明水,231200
776,231226,绥棱,231200
777,231281,安达市,231200
778,231282,肇东市,231200
779,231283,海伦市,231200
780,232721,呼玛,232700
781,232722,塔河,232700
782,232723,漠河,232700
783,310101,黄浦,310100
784,310103,卢湾,310100
785,310104,徐汇,310100
786,310105,长宁,310100
787,310106,静安,310100
788,310107,普陀,310100
789,310108,闸北,310100
790,310109,虹口,310100
791,310110,杨浦,310100
792,310112,闵行,310100
793,310113,宝山,310100
794,310114,嘉定,310100
795,310115,浦东新,310100
796,310116,金山,310100
797,310117,松江,310100
798,310118,青浦,310100
799,310119,南汇,310100
800,310120,奉贤,310100
801,310230,崇明,310200
802,320101,市辖,320100
803,320102,玄武,320100
804,320103,白下,320100
805,320104,秦淮,320100
806,320105,建邺,320100
807,320106,鼓楼,320100
808,320107,下关,320100
809,320111,浦口,320100
810,320113,栖霞,320100
811,320114,雨花台,320100
812,320115,江宁,320100
813,320116,六合,320100
814,320124,溧水,320100
815,320125,高淳,320100
816,320201,市辖,320200
817,320202,崇安,320200
818,320203,南长,320200
819,320204,北塘,320200
820,320205,锡山,320200
821,320206,惠山,320200
822,320211,滨湖,320200
823,320281,江阴市,320200
824,320282,宜兴市,320200
825,320301,市辖,320300
826,320302,鼓楼,320300
827,320303,云龙,320300
828,320304,九里,320300
829,320305,贾汪,320300
830,320311,泉山,320300
831,320321,丰　,320300
832,320322,沛　,320300
833,320323,铜山,320300
834,320324,睢宁,320300
835,320381,新沂市,320300
836,320382,邳州市,320300
837,320401,市辖,320400
838,320402,天宁,320400
839,320404,钟楼,320400
840,320405,戚墅堰,320400
841,320411,新北,320400
842,320412,武进,320400
843,320481,溧阳市,320400
844,320482,金坛市,320400
845,320501,市辖,320500
846,320502,沧浪,320500
847,320503,平江,320500
848,320504,金阊,320500
849,320505,虎丘,320500
850,320506,吴中,320500
851,320507,相城,320500
852,320581,常熟市,320500
853,320582,张家港市,320500
854,320583,昆山市,320500
855,320584,吴江市,320500
856,320585,太仓市,320500
857,320601,市辖,320600
858,320602,崇川,320600
859,320611,港闸,320600
860,320621,海安,320600
861,320623,如东,320600
862,320681,启东市,320600
863,320682,如皋市,320600
864,320683,通州市,320600
865,320684,海门市,320600
866,320701,市辖,320700
867,320703,连云,320700
868,320705,新浦,320700
869,320706,海州,320700
870,320721,赣榆,320700
871,320722,东海,320700
872,320723,灌云,320700
873,320724,灌南,320700
874,320801,市辖,320800
875,320802,清河,320800
876,320803,楚州,320800
877,320804,淮阴,320800
878,320811,清浦,320800
879,320826,涟水,320800
880,320829,洪泽,320800
881,320830,盱眙,320800
882,320831,金湖,320800
883,320901,市辖,320900
884,320902,亭湖,320900
885,320903,盐都,320900
886,320921,响水,320900
887,320922,滨海,320900
888,320923,阜宁,320900
889,320924,射阳,320900
890,320925,建湖,320900
891,320981,东台市,320900
892,320982,大丰市,320900
893,321001,市辖,321000
894,321002,广陵,321000
895,321003,邗江,321000
896,321011,郊　,321000
897,321023,宝应,321000
898,321081,仪征市,321000
899,321084,高邮市,321000
900,321088,江都市,321000
901,321101,市辖,321100
902,321102,京口,321100
903,321111,润州,321100
904,321112,丹徒,321100
905,321181,丹阳市,321100
906,321182,扬中市,321100
907,321183,句容市,321100
908,321201,市辖,321200
909,321202,海陵,321200
910,321203,高港,321200
911,321281,兴化市,321200
912,321282,靖江市,321200
913,321283,泰兴市,321200
914,321284,姜堰市,321200
915,321301,市辖,321300
916,321302,宿城,321300
917,321311,宿豫,321300
918,321322,沭阳,321300
919,321323,泗阳,321300
920,321324,泗洪,321300
921,330101,市辖,330100
922,330102,上城,330100
923,330103,下城,330100
924,330104,江干,330100
925,330105,拱墅,330100
926,330106,西湖,330100
927,330108,滨江,330100
928,330109,萧山,330100
929,330110,余杭,330100
930,330122,桐庐,330100
931,330127,淳安,330100
932,330182,建德市,330100
933,330183,富阳市,330100
934,330185,临安市,330100
935,330201,市辖,330200
936,330203,海曙,330200
937,330204,江东,330200
938,330205,江北,330200
939,330206,北仑,330200
940,330211,镇海,330200
941,330212,鄞州,330200
942,330225,象山,330200
943,330226,宁海,330200
944,330281,余姚市,330200
945,330282,慈溪市,330200
946,330283,奉化市,330200
947,330301,市辖,330300
948,330302,鹿城,330300
949,330303,龙湾,330300
950,330304,瓯海,330300
951,330322,洞头,330300
952,330324,永嘉,330300
953,330326,平阳,330300
954,330327,苍南,330300
955,330328,文成,330300
956,330329,泰顺,330300
957,330381,瑞安市,330300
958,330382,乐清市,330300
959,330401,市辖,330400
960,330402,秀城,330400
961,330411,秀洲,330400
962,330421,嘉善,330400
963,330424,海盐,330400
964,330481,海宁市,330400
965,330482,平湖市,330400
966,330483,桐乡市,330400
967,330501,市辖,330500
968,330502,吴兴,330500
969,330503,南浔,330500
970,330521,德清,330500
971,330522,长兴,330500
972,330523,安吉,330500
973,330601,市辖,330600
974,330602,越城,330600
975,330621,绍兴,330600
976,330624,新昌,330600
977,330681,诸暨市,330600
978,330682,上虞市,330600
979,330683,嵊州市,330600
980,330701,市辖,330700
981,330702,婺城,330700
982,330703,金东,330700
983,330723,武义,330700
984,330726,浦江,330700
985,330727,磐安,330700
986,330781,兰溪市,330700
987,330782,义乌市,330700
988,330783,东阳市,330700
989,330784,永康市,330700
990,330801,市辖,330800
991,330802,柯城,330800
992,330803,衢江,330800
993,330822,常山,330800
994,330824,开化,330800
995,330825,龙游,330800
996,330881,江山市,330800
997,330901,市辖,330900
998,330902,定海,330900
999,330903,普陀,330900
1000,330921,岱山,330900
1001,330922,嵊泗,330900
1002,331001,市辖,331000
1003,331002,椒江,331000
1004,331003,黄岩,331000
1005,331004,路桥,331000
1006,331021,玉环,331000
1007,331022,三门,331000
1008,331023,天台,331000
1009,331024,仙居,331000
1010,331081,温岭市,331000
1011,331082,临海市,331000
1012,331101,市辖,331100
1013,331102,莲都,331100
1014,331121,青田,331100
1015,331122,缙云,331100
1016,331123,遂昌,331100
1017,331124,松阳,331100
1018,331125,云和,331100
1019,331126,庆元,331100
1020,331127,景宁畲族自治,331100
1021,331181,龙泉市,331100
1022,340101,市辖,340100
1023,340102,瑶海,340100
1024,340103,庐阳,340100
1025,340104,蜀山,340100
1026,340111,包河,340100
1027,340121,长丰,340100
1028,340122,肥东,340100
1029,340123,肥西,340100
1030,340201,市辖,340200
1031,340202,镜湖,340200
1032,340203,马塘,340200
1033,340204,新芜,340200
1034,340207,鸠江,340200
1035,340221,芜湖,340200
1036,340222,繁昌,340200
1037,340223,南陵,340200
1038,340301,市辖,340300
1039,340302,龙子湖,340300
1040,340303,蚌山,340300
1041,340304,禹会,340300
1042,340311,淮上,340300
1043,340321,怀远,340300
1044,340322,五河,340300
1045,340323,固镇,340300
1046,340401,市辖,340400
1047,340402,大通,340400
1048,340403,田家庵,340400
1049,340404,谢家集,340400
1050,340405,八公山,340400
1051,340406,潘集,340400
1052,340421,凤台,340400
1053,340501,市辖,340500
1054,340502,金家庄,340500
1055,340503,花山,340500
1056,340504,雨山,340500
1057,340521,当涂,340500
1058,340601,市辖,340600
1059,340602,杜集,340600
1060,340603,相山,340600
1061,340604,烈山,340600
1062,340621,濉溪,340600
1063,340701,市辖,340700
1064,340702,铜官山,340700
1065,340703,狮子山,340700
1066,340711,郊　,340700
1067,340721,铜陵,340700
1068,340801,市辖,340800
1069,340802,迎江,340800
1070,340803,大观,340800
1071,340811,郊　,340800
1072,340822,怀宁,340800
1073,340823,枞阳,340800
1074,340824,潜山,340800
1075,340825,太湖,340800
1076,340826,宿松,340800
1077,340827,望江,340800
1078,340828,岳西,340800
1079,340881,桐城市,340800
1080,341001,市辖,341000
1081,341002,屯溪,341000
1082,341003,黄山,341000
1083,341004,徽州,341000
1084,341021,歙　,341000
1085,341022,休宁,341000
1086,341023,黟　,341000
1087,341024,祁门,341000
1088,341101,市辖,341100
1089,341102,琅琊,341100
1090,341103,南谯,341100
1091,341122,来安,341100
1092,341124,全椒,341100
1093,341125,定远,341100
1094,341126,凤阳,341100
1095,341181,天长市,341100
1096,341182,明光市,341100
1097,341201,市辖,341200
1098,341202,颍州,341200
1099,341203,颍东,341200
1100,341204,颍泉,341200
1101,341221,临泉,341200
1102,341222,太和,341200
1103,341225,阜南,341200
1104,341226,颍上,341200
1105,341282,界首市,341200
1106,341301,市辖,341300
1107,341302,墉桥,341300
1108,341321,砀山,341300
1109,341322,萧　,341300
1110,341323,灵璧,341300
1111,341324,泗　,341300
1112,341401,市辖,341400
1113,341402,居巢,341400
1114,341421,庐江,341400
1115,341422,无为,341400
1116,341423,含山,341400
1117,341424,和　,341400
1118,341501,市辖,341500
1119,341502,金安,341500
1120,341503,裕安,341500
1121,341521,寿　,341500
1122,341522,霍邱,341500
1123,341523,舒城,341500
1124,341524,金寨,341500
1125,341525,霍山,341500
1126,341601,市辖,341600
1127,341602,谯城,341600
1128,341621,涡阳,341600
1129,341622,蒙城,341600
1130,341623,利辛,341600
1131,341701,市辖,341700
1132,341702,贵池,341700
1133,341721,东至,341700
1134,341722,石台,341700
1135,341723,青阳,341700
1136,341801,市辖,341800
1137,341802,宣州,341800
1138,341821,郎溪,341800
1139,341822,广德,341800
1140,341823,泾　,341800
1141,341824,绩溪,341800
1142,341825,旌德,341800
1143,341881,宁国市,341800
1144,350101,市辖,350100
1145,350102,鼓楼,350100
1146,350103,台江,350100
1147,350104,仓山,350100
1148,350105,马尾,350100
1149,350111,晋安,350100
1150,350121,闽侯,350100
1151,350122,连江,350100
1152,350123,罗源,350100
1153,350124,闽清,350100
1154,350125,永泰,350100
1155,350128,平潭,350100
1156,350181,福清市,350100
1157,350182,长乐市,350100
1158,350201,市辖,350200
1159,350203,思明,350200
1160,350205,海沧,350200
1161,350206,湖里,350200
1162,350211,集美,350200
1163,350212,同安,350200
1164,350213,翔安,350200
1165,350301,市辖,350300
1166,350302,城厢,350300
1167,350303,涵江,350300
1168,350304,荔城,350300
1169,350305,秀屿,350300
1170,350322,仙游,350300
1171,350401,市辖,350400
1172,350402,梅列,350400
1173,350403,三元,350400
1174,350421,明溪,350400
1175,350423,清流,350400
1176,350424,宁化,350400
1177,350425,大田,350400
1178,350426,尤溪,350400
1179,350427,沙　,350400
1180,350428,将乐,350400
1181,350429,泰宁,350400
1182,350430,建宁,350400
1183,350481,永安市,350400
1184,350501,市辖,350500
1185,350502,鲤城,350500
1186,350503,丰泽,350500
1187,350504,洛江,350500
1188,350505,泉港,350500
1189,350521,惠安,350500
1190,350524,安溪,350500
1191,350525,永春,350500
1192,350526,德化,350500
1193,350527,金门,350500
1194,350581,石狮市,350500
1195,350582,晋江市,350500
1196,350583,南安市,350500
1197,350601,市辖,350600
1198,350602,芗城,350600
1199,350603,龙文,350600
1200,350622,云霄,350600
1201,350623,漳浦,350600
1202,350624,诏安,350600
1203,350625,长泰,350600
1204,350626,东山,350600
1205,350627,南靖,350600
1206,350628,平和,350600
1207,350629,华安,350600
1208,350681,龙海市,350600
1209,350701,市辖,350700
1210,350702,延平,350700
1211,350721,顺昌,350700
1212,350722,浦城,350700
1213,350723,光泽,350700
1214,350724,松溪,350700
1215,350725,政和,350700
1216,350781,邵武市,350700
1217,350782,武夷山市,350700
1218,350783,建瓯市,350700
1219,350784,建阳市,350700
1220,350801,市辖,350800
1221,350802,新罗,350800
1222,350821,长汀,350800
1223,350822,永定,350800
1224,350823,上杭,350800
1225,350824,武平,350800
1226,350825,连城,350800
1227,350881,漳平市,350800
1228,350901,市辖,350900
1229,350902,蕉城,350900
1230,350921,霞浦,350900
1231,350922,古田,350900
1232,350923,屏南,350900
1233,350924,寿宁,350900
1234,350925,周宁,350900
1235,350926,柘荣,350900
1236,350981,福安市,350900
1237,350982,福鼎市,350900
1238,360101,市辖,360100
1239,360102,东湖,360100
1240,360103,西湖,360100
1241,360104,青云谱,360100
1242,360105,湾里,360100
1243,360111,青山湖,360100
1244,360121,南昌,360100
1245,360122,新建,360100
1246,360123,安义,360100
1247,360124,进贤,360100
1248,360201,市辖,360200
1249,360202,昌江,360200
1250,360203,珠山,360200
1251,360222,浮梁,360200
1252,360281,乐平市,360200
1253,360301,市辖,360300
1254,360302,安源,360300
1255,360313,湘东,360300
1256,360321,莲花,360300
1257,360322,上栗,360300
1258,360323,芦溪,360300
1259,360401,市辖,360400
1260,360402,庐山,360400
1261,360403,浔阳,360400
1262,360421,九江,360400
1263,360423,武宁,360400
1264,360424,修水,360400
1265,360425,永修,360400
1266,360426,德安,360400
1267,360427,星子,360400
1268,360428,都昌,360400
1269,360429,湖口,360400
1270,360430,彭泽,360400
1271,360481,瑞昌市,360400
1272,360501,市辖,360500
1273,360502,渝水,360500
1274,360521,分宜,360500
1275,360601,市辖,360600
1276,360602,月湖,360600
1277,360622,余江,360600
1278,360681,贵溪市,360600
1279,360701,市辖,360700
1280,360702,章贡,360700
1281,360721,赣　,360700
1282,360722,信丰,360700
1283,360723,大余,360700
1284,360724,上犹,360700
1285,360725,崇义,360700
1286,360726,安远,360700
1287,360727,龙南,360700
1288,360728,定南,360700
1289,360729,全南,360700
1290,360730,宁都,360700
1291,360731,于都,360700
1292,360732,兴国,360700
1293,360733,会昌,360700
1294,360734,寻乌,360700
1295,360735,石城,360700
1296,360781,瑞金市,360700
1297,360782,南康市,360700
1298,360801,市辖,360800
1299,360802,吉州,360800
1300,360803,青原,360800
1301,360821,吉安,360800
1302,360822,吉水,360800
1303,360823,峡江,360800
1304,360824,新干,360800
1305,360825,永丰,360800
1306,360826,泰和,360800
1307,360827,遂川,360800
1308,360828,万安,360800
1309,360829,安福,360800
1310,360830,永新,360800
1311,360881,井冈山市,360800
1312,360901,市辖,360900
1313,360902,袁州,360900
1314,360921,奉新,360900
1315,360922,万载,360900
1316,360923,上高,360900
1317,360924,宜丰,360900
1318,360925,靖安,360900
1319,360926,铜鼓,360900
1320,360981,丰城市,360900
1321,360982,樟树市,360900
1322,360983,高安市,360900
1323,361001,市辖,361000
1324,361002,临川,361000
1325,361021,南城,361000
1326,361022,黎川,361000
1327,361023,南丰,361000
1328,361024,崇仁,361000
1329,361025,乐安,361000
1330,361026,宜黄,361000
1331,361027,金溪,361000
1332,361028,资溪,361000
1333,361029,东乡,361000
1334,361030,广昌,361000
1335,361101,市辖,361100
1336,361102,信州,361100
1337,361121,上饶,361100
1338,361122,广丰,361100
1339,361123,玉山,361100
1340,361124,铅山,361100
1341,361125,横峰,361100
1342,361126,弋阳,361100
1343,361127,余干,361100
1344,361128,鄱阳,361100
1345,361129,万年,361100
1346,361130,婺源,361100
1347,361181,德兴市,361100
1348,370101,市辖,370100
1349,370102,历下,370100
1350,370103,市中,370100
1351,370104,槐荫,370100
1352,370105,天桥,370100
1353,370112,历城,370100
1354,370113,长清,370100
1355,370124,平阴,370100
1356,370125,济阳,370100
1357,370126,商河,370100
1358,370181,章丘市,370100
1359,370201,市辖,370200
1360,370202,市南,370200
1361,370203,市北,370200
1362,370205,四方,370200
1363,370211,黄岛,370200
1364,370212,崂山,370200
1365,370213,李沧,370200
1366,370214,城阳,370200
1367,370281,胶州市,370200
1368,370282,即墨市,370200
1369,370283,平度市,370200
1370,370284,胶南市,370200
1371,370285,莱西市,370200
1372,370301,市辖,370300
1373,370302,淄川,370300
1374,370303,张店,370300
1375,370304,博山,370300
1376,370305,临淄,370300
1377,370306,周村,370300
1378,370321,桓台,370300
1379,370322,高青,370300
1380,370323,沂源,370300
1381,370401,市辖,370400
1382,370402,市中,370400
1383,370403,薛城,370400
1384,370404,峄城,370400
1385,370405,台儿庄,370400
1386,370406,山亭,370400
1387,370481,滕州市,370400
1388,370501,市辖,370500
1389,370502,东营,370500
1390,370503,河口,370500
1391,370521,垦利,370500
1392,370522,利津,370500
1393,370523,广饶,370500
1394,370601,市辖,370600
1395,370602,芝罘,370600
1396,370611,福山,370600
1397,370612,牟平,370600
1398,370613,莱山,370600
1399,370634,长岛,370600
1400,370681,龙口市,370600
1401,370682,莱阳市,370600
1402,370683,莱州市,370600
1403,370684,蓬莱市,370600
1404,370685,招远市,370600
1405,370686,栖霞市,370600
1406,370687,海阳市,370600
1407,370701,市辖,370700
1408,370702,潍城,370700
1409,370703,寒亭,370700
1410,370704,坊子,370700
1411,370705,奎文,370700
1412,370724,临朐,370700
1413,370725,昌乐,370700
1414,370781,青州市,370700
1415,370782,诸城市,370700
1416,370783,寿光市,370700
1417,370784,安丘市,370700
1418,370785,高密市,370700
1419,370786,昌邑市,370700
1420,370801,市辖,370800
1421,370802,市中,370800
1422,370811,任城,370800
1423,370826,微山,370800
1424,370827,鱼台,370800
1425,370828,金乡,370800
1426,370829,嘉祥,370800
1427,370830,汶上,370800
1428,370831,泗水,370800
1429,370832,梁山,370800
1430,370881,曲阜市,370800
1431,370882,兖州市,370800
1432,370883,邹城市,370800
1433,370901,市辖,370900
1434,370902,泰山,370900
1435,370903,岱岳,370900
1436,370921,宁阳,370900
1437,370923,东平,370900
1438,370982,新泰市,370900
1439,370983,肥城市,370900
1440,371001,市辖,371000
1441,371002,环翠,371000
1442,371081,文登市,371000
1443,371082,荣成市,371000
1444,371083,乳山市,371000
1445,371101,市辖,371100
1446,371102,东港,371100
1447,371103,岚山,371100
1448,371121,五莲,371100
1449,371122,莒　,371100
1450,371201,市辖,371200
1451,371202,莱城,371200
1452,371203,钢城,371200
1453,371301,市辖,371300
1454,371302,兰山,371300
1455,371311,罗庄,371300
1456,371312,河东,371300
1457,371321,沂南,371300
1458,371322,郯城,371300
1459,371323,沂水,371300
1460,371324,苍山,371300
1461,371325,费　,371300
1462,371326,平邑,371300
1463,371327,莒南,371300
1464,371328,蒙阴,371300
1465,371329,临沭,371300
1466,371401,市辖,371400
1467,371402,德城,371400
1468,371421,陵　,371400
1469,371422,宁津,371400
1470,371423,庆云,371400
1471,371424,临邑,371400
1472,371425,齐河,371400
1473,371426,平原,371400
1474,371427,夏津,371400
1475,371428,武城,371400
1476,371481,乐陵市,371400
1477,371482,禹城市,371400
1478,371501,市辖,371500
1479,371502,东昌府,371500
1480,371521,阳谷,371500
1481,371522,莘　,371500
1482,371523,茌平,371500
1483,371524,东阿,371500
1484,371525,冠　,371500
1485,371526,高唐,371500
1486,371581,临清市,371500
1487,371601,市辖,371600
1488,371602,滨城,371600
1489,371621,惠民,371600
1490,371622,阳信,371600
1491,371623,无棣,371600
1492,371624,沾化,371600
1493,371625,博兴,371600
1494,371626,邹平,371600
1495,371701,市辖,371700
1496,371702,牡丹,371700
1497,371721,曹　,371700
1498,371722,单　,371700
1499,371723,成武,371700
1500,371724,巨野,371700
1501,371725,郓城,371700
1502,371726,鄄城,371700
1503,371727,定陶,371700
1504,371728,东明,371700
1505,410101,市辖,410100
1506,410102,中原,410100
1507,410103,二七,410100
1508,410104,管城回族,410100
1509,410105,金水,410100
1510,410106,上街,410100
1511,410108,邙山,410100
1512,410122,中牟,410100
1513,410181,巩义市,410100
1514,410182,荥阳市,410100
1515,410183,新密市,410100
1516,410184,新郑市,410100
1517,410185,登封市,410100
1518,410201,市辖,410200
1519,410202,龙亭,410200
1520,410203,顺河回族,410200
1521,410204,鼓楼,410200
1522,410205,南关,410200
1523,410211,郊　,410200
1524,410221,杞　,410200
1525,410222,通许,410200
1526,410223,尉氏,410200
1527,410224,开封,410200
1528,410225,兰考,410200
1529,410301,市辖,410300
1530,410302,老城,410300
1531,410303,西工,410300
1532,410304,廛河回族,410300
1533,410305,涧西,410300
1534,410306,吉利,410300
1535,410307,洛龙,410300
1536,410322,孟津,410300
1537,410323,新安,410300
1538,410324,栾川,410300
1539,410325,嵩　,410300
1540,410326,汝阳,410300
1541,410327,宜阳,410300
1542,410328,洛宁,410300
1543,410329,伊川,410300
1544,410381,偃师市,410300
1545,410401,市辖,410400
1546,410402,新华,410400
1547,410403,卫东,410400
1548,410404,石龙,410400
1549,410411,湛河,410400
1550,410421,宝丰,410400
1551,410422,叶　,410400
1552,410423,鲁山,410400
1553,410425,郏　,410400
1554,410481,舞钢市,410400
1555,410482,汝州市,410400
1556,410501,市辖,410500
1557,410502,文峰,410500
1558,410503,北关,410500
1559,410505,殷都,410500
1560,410506,龙安,410500
1561,410522,安阳,410500
1562,410523,汤阴,410500
1563,410526,滑　,410500
1564,410527,内黄,410500
1565,410581,林州市,410500
1566,410601,市辖,410600
1567,410602,鹤山,410600
1568,410603,山城,410600
1569,410611,淇滨,410600
1570,410621,浚　,410600
1571,410622,淇　,410600
1572,410701,市辖,410700
1573,410702,红旗,410700
1574,410703,卫滨,410700
1575,410704,凤泉,410700
1576,410711,牧野,410700
1577,410721,新乡,410700
1578,410724,获嘉,410700
1579,410725,原阳,410700
1580,410726,延津,410700
1581,410727,封丘,410700
1582,410728,长垣,410700
1583,410781,卫辉市,410700
1584,410782,辉市,410700
1585,410801,市辖,410800
1586,410802,解放,410800
1587,410803,中站,410800
1588,410804,马村,410800
1589,410811,山阳,410800
1590,410821,修武,410800
1591,410822,博爱,410800
1592,410823,武陟,410800
1593,410825,温　,410800
1594,410881,济源市,410800
1595,410882,沁阳市,410800
1596,410883,孟州市,410800
1597,410901,市辖,410900
1598,410902,华龙,410900
1599,410922,清丰,410900
1600,410923,南乐,410900
1601,410926,范　,410900
1602,410927,台前,410900
1603,410928,濮阳,410900
1604,411001,市辖,411000
1605,411002,魏都,411000
1606,411023,许昌,411000
1607,411024,鄢陵,411000
1608,411025,襄城,411000
1609,411081,禹州市,411000
1610,411082,长葛市,411000
1611,411101,市辖,411100
1612,411102,源汇,411100
1613,411103,郾城,411100
1614,411104,召陵,411100
1615,411121,舞阳,411100
1616,411122,临颍,411100
1617,411201,市辖,411200
1618,411202,湖滨,411200
1619,411221,渑池,411200
1620,411222,陕　,411200
1621,411224,卢氏,411200
1622,411281,义马市,411200
1623,411282,灵宝市,411200
1624,411301,市辖,411300
1625,411302,宛城,411300
1626,411303,卧龙,411300
1627,411321,南召,411300
1628,411322,方城,411300
1629,411323,西峡,411300
1630,411324,镇平,411300
1631,411325,内乡,411300
1632,411326,淅川,411300
1633,411327,社旗,411300
1634,411328,唐河,411300
1635,411329,新野,411300
1636,411330,桐柏,411300
1637,411381,邓州市,411300
1638,411401,市辖,411400
1639,411402,梁园,411400
1640,411403,睢阳,411400
1641,411421,民权,411400
1642,411422,睢　,411400
1643,411423,宁陵,411400
1644,411424,柘城,411400
1645,411425,虞城,411400
1646,411426,夏邑,411400
1647,411481,永城市,411400
1648,411501,市辖,411500
1649,411502,师河,411500
1650,411503,平桥,411500
1651,411521,罗山,411500
1652,411522,光山,411500
1653,411523,新　,411500
1654,411524,商城,411500
1655,411525,固始,411500
1656,411526,潢川,411500
1657,411527,淮滨,411500
1658,411528,息　,411500
1659,411601,市辖,411600
1660,411602,川汇,411600
1661,411621,扶沟,411600
1662,411622,西华,411600
1663,411623,商水,411600
1664,411624,沈丘,411600
1665,411625,郸城,411600
1666,411626,淮阳,411600
1667,411627,太康,411600
1668,411628,鹿邑,411600
1669,411681,项城市,411600
1670,411701,市辖,411700
1671,411702,驿城,411700
1672,411721,西平,411700
1673,411722,上蔡,411700
1674,411723,平舆,411700
1675,411724,正阳,411700
1676,411725,确山,411700
1677,411726,泌阳,411700
1678,411727,汝南,411700
1679,411728,遂平,411700
1680,411729,新蔡,411700
1681,420101,市辖,420100
1682,420102,江岸,420100
1683,420103,江汉,420100
1684,420104,乔口,420100
1685,420105,汉阳,420100
1686,420106,武昌,420100
1687,420107,青山,420100
1688,420111,洪山,420100
1689,420112,东西湖,420100
1690,420113,汉南,420100
1691,420114,蔡甸,420100
1692,420115,江夏,420100
1693,420116,黄陂,420100
1694,420117,新洲,420100
1695,420201,市辖,420200
1696,420202,黄石港,420200
1697,420203,西塞山,420200
1698,420204,下陆,420200
1699,420205,铁山,420200
1700,420222,阳新,420200
1701,420281,大冶市,420200
1702,420301,市辖,420300
1703,420302,茅箭,420300
1704,420303,张湾,420300
1705,420321,郧　,420300
1706,420322,郧西,420300
1707,420323,竹山,420300
1708,420324,竹溪,420300
1709,420325,房　,420300
1710,420381,丹江口市,420300
1711,420501,市辖,420500
1712,420502,西陵,420500
1713,420503,伍家岗,420500
1714,420504,点军,420500
1715,420505,V亭,420500
1716,420506,夷陵,420500
1717,420525,远安,420500
1718,420526,兴山,420500
1719,420527,秭归,420500
1720,420528,长阳土家族自治,420500
1721,420529,五峰土家族自治,420500
1722,420581,宜都市,420500
1723,420582,当阳市,420500
1724,420583,枝江市,420500
1725,420601,市辖,420600
1726,420602,襄城,420600
1727,420606,樊城,420600
1728,420607,襄阳,420600
1729,420624,南漳,420600
1730,420625,谷城,420600
1731,420626,保康,420600
1732,420682,老河口市,420600
1733,420683,枣阳市,420600
1734,420684,宜城市,420600
1735,420701,市辖,420700
1736,420702,梁子湖,420700
1737,420703,华容,420700
1738,420704,鄂城,420700
1739,420801,市辖,420800
1740,420802,东宝,420800
1741,420804,掇刀,420800
1742,420821,京山,420800
1743,420822,沙洋,420800
1744,420881,钟祥市,420800
1745,420901,市辖,420900
1746,420902,孝南,420900
1747,420921,孝昌,420900
1748,420922,大悟,420900
1749,420923,云梦,420900
1750,420981,应城市,420900
1751,420982,安陆市,420900
1752,420984,汉川市,420900
1753,421001,市辖,421000
1754,421002,沙市,421000
1755,421003,荆州,421000
1756,421022,公安,421000
1757,421023,监利,421000
1758,421024,江陵,421000
1759,421081,石首市,421000
1760,421083,洪湖市,421000
1761,421087,松滋市,421000
1762,421101,市辖,421100
1763,421102,黄州,421100
1764,421121,团风,421100
1765,421122,红安,421100
1766,421123,罗田,421100
1767,421124,英山,421100
1768,421125,浠水,421100
1769,421126,蕲春,421100
1770,421127,黄梅,421100
1771,421181,麻城市,421100
1772,421182,武穴市,421100
1773,421201,市辖,421200
1774,421202,咸安,421200
1775,421221,嘉鱼,421200
1776,421222,通城,421200
1777,421223,崇阳,421200
1778,421224,通山,421200
1779,421281,赤壁市,421200
1780,421301,市辖,421300
1781,421302,曾都,421300
1782,421381,广水市,421300
1783,422801,恩施市,422800
1784,422802,利川市,422800
1785,422822,建始,422800
1786,422823,巴东,422800
1787,422825,宣恩,422800
1788,422826,咸丰,422800
1789,422827,来凤,422800
1790,422828,鹤峰,422800
1791,429004,仙桃市,429000
1792,429005,潜江市,429000
1793,429006,天门市,429000
1794,429021,神农架林,429000
1795,430101,市辖,430100
1796,430102,芙蓉,430100
1797,430103,天心,430100
1798,430104,岳麓,430100
1799,430105,开福,430100
1800,430111,雨花,430100
1801,430121,长沙,430100
1802,430122,望城,430100
1803,430124,宁乡,430100
1804,430181,浏阳市,430100
1805,430201,市辖,430200
1806,430202,荷塘,430200
1807,430203,芦淞,430200
1808,430204,石峰,430200
1809,430211,天元,430200
1810,430221,株洲,430200
1811,430223,攸　,430200
1812,430224,茶陵,430200
1813,430225,炎陵,430200
1814,430281,醴陵市,430200
1815,430301,市辖,430300
1816,430302,雨湖,430300
1817,430304,岳塘,430300
1818,430321,湘潭,430300
1819,430381,湘乡市,430300
1820,430382,韶山市,430300
1821,430401,市辖,430400
1822,430405,珠晖,430400
1823,430406,雁峰,430400
1824,430407,石鼓,430400
1825,430408,蒸湘,430400
1826,430412,南岳,430400
1827,430421,衡阳,430400
1828,430422,衡南,430400
1829,430423,衡山,430400
1830,430424,衡东,430400
1831,430426,祁东,430400
1832,430481,耒阳市,430400
1833,430482,常宁市,430400
1834,430501,市辖,430500
1835,430502,双清,430500
1836,430503,大祥,430500
1837,430511,北塔,430500
1838,430521,邵东,430500
1839,430522,新邵,430500
1840,430523,邵阳,430500
1841,430524,隆回,430500
1842,430525,洞口,430500
1843,430527,绥宁,430500
1844,430528,新宁,430500
1845,430529,城步苗族自治,430500
1846,430581,武冈市,430500
1847,430601,市辖,430600
1848,430602,岳阳楼,430600
1849,430603,云溪,430600
1850,430611,君山,430600
1851,430621,岳阳,430600
1852,430623,华容,430600
1853,430624,湘阴,430600
1854,430626,平江,430600
1855,430681,汨罗市,430600
1856,430682,临湘市,430600
1857,430701,市辖,430700
1858,430702,武陵,430700
1859,430703,鼎城,430700
1860,430721,安乡,430700
1861,430722,汉寿,430700
1862,430723,澧　,430700
1863,430724,临澧,430700
1864,430725,桃源,430700
1865,430726,石门,430700
1866,430781,津市市,430700
1867,430801,市辖,430800
1868,430802,永定,430800
1869,430811,武陵源,430800
1870,430821,慈利,430800
1871,430822,桑植,430800
1872,430901,市辖,430900
1873,430902,资阳,430900
1874,430903,赫山,430900
1875,430921,南　,430900
1876,430922,桃江,430900
1877,430923,安化,430900
1878,430981,沅江市,430900
1879,431001,市辖,431000
1880,431002,北湖,431000
1881,431003,苏仙,431000
1882,431021,桂阳,431000
1883,431022,宜章,431000
1884,431023,永兴,431000
1885,431024,嘉禾,431000
1886,431025,临武,431000
1887,431026,汝城,431000
1888,431027,桂东,431000
1889,431028,安仁,431000
1890,431081,资兴市,431000
1891,431101,市辖,431100
1892,431102,芝山,431100
1893,431103,冷水滩,431100
1894,431121,祁阳,431100
1895,431122,东安,431100
1896,431123,双牌,431100
1897,431124,道　,431100
1898,431125,江永,431100
1899,431126,宁远,431100
1900,431127,蓝山,431100
1901,431128,新田,431100
1902,431129,江华瑶族自治,431100
1903,431201,市辖,431200
1904,431202,鹤城,431200
1905,431221,中方,431200
1906,431222,沅陵,431200
1907,431223,辰溪,431200
1908,431224,溆浦,431200
1909,431225,会同,431200
1910,431226,麻阳苗族自治,431200
1911,431227,新晃侗族自治,431200
1912,431228,芷江侗族自治,431200
1913,431229,靖州苗族侗族自治,431200
1914,431230,通道侗族自治,431200
1915,431281,洪江市,431200
1916,431301,市辖,431300
1917,431302,娄星,431300
1918,431321,双峰,431300
1919,431322,新化,431300
1920,431381,冷水江市,431300
1921,431382,涟源市,431300
1922,433101,吉首市,433100
1923,433122,泸溪,433100
1924,433123,凤凰,433100
1925,433124,花垣,433100
1926,433125,保靖,433100
1927,433126,古丈,433100
1928,433127,永顺,433100
1929,433130,龙山,433100
1930,440101,市辖,440100
1931,440102,东山,440100
1932,440103,荔湾,440100
1933,440104,越秀,440100
1934,440105,海珠,440100
1935,440106,天河,440100
1936,440107,芳村,440100
1937,440111,白云,440100
1938,440112,黄埔,440100
1939,440113,番禺,440100
1940,440114,花都,440100
1941,440183,增城市,440100
1942,440184,从化市,440100
1943,440201,市辖,440200
1944,440203,武江,440200
1945,440204,浈江,440200
1946,440205,曲江,440200
1947,440222,始兴,440200
1948,440224,仁化,440200
1949,440229,翁源,440200
1950,440232,乳源瑶族自治,440200
1951,440233,新丰,440200
1952,440281,乐昌市,440200
1953,440282,南雄市,440200
1954,440301,市辖,440300
1955,440303,罗湖,440300
1956,440304,福田,440300
1957,440305,南山,440300
1958,440306,宝安,440300
1959,440307,龙岗,440300
1960,440308,盐田,440300
1961,440401,市辖,440400
1962,440402,香洲,440400
1963,440403,斗门,440400
1964,440404,金湾,440400
1965,440501,市辖,440500
1966,440507,龙湖,440500
1967,440511,金平,440500
1968,440512,濠江,440500
1969,440513,潮阳,440500
1970,440514,潮南,440500
1971,440515,澄海,440500
1972,440523,南澳,440500
1973,440601,市辖,440600
1974,440604,禅城,440600
1975,440605,南海,440600
1976,440606,顺德,440600
1977,440607,三水,440600
1978,440608,高明,440600
1979,440701,市辖,440700
1980,440703,蓬江,440700
1981,440704,江海,440700
1982,440705,新会,440700
1983,440781,台山市,440700
1984,440783,开平市,440700
1985,440784,鹤山市,440700
1986,440785,恩平市,440700
1987,440801,市辖,440800
1988,440802,赤坎,440800
1989,440803,霞山,440800
1990,440804,坡头,440800
1991,440811,麻章,440800
1992,440823,遂溪,440800
1993,440825,徐闻,440800
1994,440881,廉江市,440800
1995,440882,雷州市,440800
1996,440883,吴川市,440800
1997,440901,市辖,440900
1998,440902,茂南,440900
1999,440903,茂港,440900
2000,440923,电白,440900
2001,440981,高州市,440900
2002,440982,化州市,440900
2003,440983,信宜市,440900
2004,441201,市辖,441200
2005,441202,端州,441200
2006,441203,鼎湖,441200
2007,441223,广宁,441200
2008,441224,怀集,441200
2009,441225,封开,441200
2010,441226,德庆,441200
2011,441283,高要市,441200
2012,441284,四会市,441200
2013,441301,市辖,441300
2014,441302,惠城,441300
2015,441303,惠阳,441300
2016,441322,博罗,441300
2017,441323,惠东,441300
2018,441324,龙门,441300
2019,441401,市辖,441400
2020,441402,梅江,441400
2021,441421,梅　,441400
2022,441422,大埔,441400
2023,441423,丰顺,441400
2024,441424,五华,441400
2025,441426,平远,441400
2026,441427,蕉岭,441400
2027,441481,兴宁市,441400
2028,441501,市辖,441500
2029,441502,城　,441500
2030,441521,海丰,441500
2031,441523,陆河,441500
2032,441581,陆丰市,441500
2033,441601,市辖,441600
2034,441602,源城,441600
2035,441621,紫金,441600
2036,441622,龙川,441600
2037,441623,连平,441600
2038,441624,和平,441600
2039,441625,东源,441600
2040,441701,市辖,441700
2041,441702,江城,441700
2042,441721,阳西,441700
2043,441723,阳东,441700
2044,441781,阳春市,441700
2045,441801,市辖,441800
2046,441802,清城,441800
2047,441821,佛冈,441800
2048,441823,阳山,441800
2049,441825,连山壮族瑶族自治,441800
2050,441826,连南瑶族自治,441800
2051,441827,清新,441800
2052,441881,英德市,441800
2053,441882,连州市,441800
2054,445101,市辖,445100
2055,445102,湘桥,445100
2056,445121,潮安,445100
2057,445122,饶平,445100
2058,445201,市辖,445200
2059,445202,榕城,445200
2060,445221,揭东,445200
2061,445222,揭西,445200
2062,445224,惠来,445200
2063,445281,普宁市,445200
2064,445301,市辖,445300
2065,445302,云城,445300
2066,445321,新兴,445300
2067,445322,郁南,445300
2068,445323,云安,445300
2069,445381,罗定市,445300
2070,450101,市辖,450100
2071,450102,兴宁,450100
2072,450103,青秀,450100
2073,450105,江南,450100
2074,450107,西乡塘,450100
2075,450108,良庆,450100
2076,450109,邕宁,450100
2077,450122,武鸣,450100
2078,450123,隆安,450100
2079,450124,马山,450100
2080,450125,上林,450100
2081,450126,宾阳,450100
2082,450127,横　,450100
2083,450201,市辖,450200
2084,450202,城中,450200
2085,450203,鱼峰,450200
2086,450204,柳南,450200
2087,450205,柳北,450200
2088,450221,柳江,450200
2089,450222,柳城,450200
2090,450223,鹿寨,450200
2091,450224,融安,450200
2092,450225,融水苗族自治,450200
2093,450226,三江侗族自治,450200
2094,450301,市辖,450300
2095,450302,秀峰,450300
2096,450303,叠彩,450300
2097,450304,象山,450300
2098,450305,七星,450300
2099,450311,雁山,450300
2100,450321,阳朔,450300
2101,450322,临桂,450300
2102,450323,灵川,450300
2103,450324,全州,450300
2104,450325,兴安,450300
2105,450326,永福,450300
2106,450327,灌阳,450300
2107,450328,龙胜各族自治,450300
2108,450329,资源,450300
2109,450330,平乐,450300
2110,450331,荔蒲,450300
2111,450332,恭城瑶族自治,450300
2112,450401,市辖,450400
2113,450403,万秀,450400
2114,450404,蝶山,450400
2115,450405,长洲,450400
2116,450421,苍梧,450400
2117,450422,藤　,450400
2118,450423,蒙山,450400
2119,450481,岑溪市,450400
2120,450501,市辖,450500
2121,450502,海城,450500
2122,450503,银海,450500
2123,450512,铁山港,450500
2124,450521,合浦,450500
2125,450601,市辖,450600
2126,450602,港口,450600
2127,450603,防城,450600
2128,450621,上思,450600
2129,450681,东兴市,450600
2130,450701,市辖,450700
2131,450702,钦南,450700
2132,450703,钦北,450700
2133,450721,灵山,450700
2134,450722,浦北,450700
2135,450801,市辖,450800
2136,450802,港北,450800
2137,450803,港南,450800
2138,450804,覃塘,450800
2139,450821,平南,450800
2140,450881,桂平市,450800
2141,450901,市辖,450900
2142,450902,玉州,450900
2143,450921,容　,450900
2144,450922,陆川,450900
2145,450923,博白,450900
2146,450924,兴业,450900
2147,450981,北流市,450900
2148,451001,市辖,451000
2149,451002,右江,451000
2150,451021,田阳,451000
2151,451022,田东,451000
2152,451023,平果,451000
2153,451024,德保,451000
2154,451025,靖西,451000
2155,451026,那坡,451000
2156,451027,凌云,451000
2157,451028,乐业,451000
2158,451029,田林,451000
2159,451030,西林,451000
2160,451031,隆林各族自治,451000
2161,451101,市辖,451100
2162,451102,八步,451100
2163,451121,昭平,451100
2164,451122,钟山,451100
2165,451123,富川瑶族自治,451100
2166,451201,市辖,451200
2167,451202,金城江,451200
2168,451221,南丹,451200
2169,451222,天峨,451200
2170,451223,凤山,451200
2171,451224,东兰,451200
2172,451225,罗城仫佬族自治,451200
2173,451226,环江毛南族自治,451200
2174,451227,巴马瑶族自治,451200
2175,451228,都安瑶族自治,451200
2176,451229,大化瑶族自治,451200
2177,451281,宜州市,451200
2178,451301,市辖,451300
2179,451302,兴宾,451300
2180,451321,忻城,451300
2181,451322,象州,451300
2182,451323,武宣,451300
2183,451324,金秀瑶族自治,451300
2184,451381,合山市,451300
2185,451401,市辖,451400
2186,451402,江洲,451400
2187,451421,扶绥,451400
2188,451422,宁明,451400
2189,451423,龙州,451400
2190,451424,大新,451400
2191,451425,天等,451400
2192,451481,凭祥市,451400
2193,460101,市辖,460100
2194,460105,秀英,460100
2195,460106,龙华,460100
2196,460107,琼山,460100
2197,460108,美兰,460100
2198,460201,市辖,460200
2199,469001,五指山市,469000
2200,469002,琼海市,469000
2201,469003,儋州市,469000
2202,469005,文昌市,469000
2203,469006,万宁市,469000
2204,469007,东方市,469000
2205,469025,定安,469000
2206,469026,屯昌,469000
2207,469027,澄迈,469000
2208,469028,临高,469000
2209,469030,白沙黎族自治,469000
2210,469031,昌江黎族自治,469000
2211,469033,乐东黎族自治,469000
2212,469034,陵水黎族自治,469000
2213,469035,保亭黎族苗族自治,469000
2214,469036,琼中黎族苗族自治,469000
2215,469037,西沙群岛,469000
2216,469038,南沙群岛,469000
2217,469039,中沙群岛的岛礁及其海域,469000
2218,500101,万州,500100
2219,500102,涪陵,500100
2220,500103,渝中,500100
2221,500104,大渡口,500100
2222,500105,江北,500100
2223,500106,沙坪坝,500100
2224,500107,九龙坡,500100
2225,500108,南岸,500100
2226,500109,北碚,500100
2227,500110,万盛,500100
2228,500111,双桥,500100
2229,500112,渝北,500100
2230,500113,巴南,500100
2231,500114,黔江,500100
2232,500115,长寿,500100
2233,500222,綦江,500200
2234,500223,潼南,500200
2235,500224,铜梁,500200
2236,500225,大足,500200
2237,500226,荣昌,500200
2238,500227,璧山,500200
2239,500228,梁平,500200
2240,500229,城口,500200
2241,500230,丰都,500200
2242,500231,垫江,500200
2243,500232,武隆,500200
2244,500233,忠　,500200
2245,500234,开　,500200
2246,500235,云阳,500200
2247,500236,奉节,500200
2248,500237,巫山,500200
2249,500238,巫溪,500200
2250,500240,石柱土家族自治,500200
2251,500241,秀山土家族苗族自治,500200
2252,500242,酉阳土家族苗族自治,500200
2253,500243,彭水苗族土家族自治,500200
2254,500381,江津市,500300
2255,500382,合川市,500300
2256,500383,永川市,500300
2257,500384,南川市,500300
2258,510101,市辖,510100
2259,510104,锦江,510100
2260,510105,青羊,510100
2261,510106,金牛,510100
2262,510107,武侯,510100
2263,510108,成华,510100
2264,510112,龙泉驿,510100
2265,510113,青白江,510100
2266,510114,新都,510100
2267,510115,温江,510100
2268,510121,金堂,510100
2269,510122,双流,510100
2270,510124,郫　,510100
2271,510129,大邑,510100
2272,510131,蒲江,510100
2273,510132,新津,510100
2274,510181,都江堰市,510100
2275,510182,彭州市,510100
2276,510183,邛崃市,510100
2277,510184,崇州市,510100
2278,510301,市辖,510300
2279,510302,自流井,510300
2280,510303,贡井,510300
2281,510304,大安,510300
2282,510311,沿滩,510300
2283,510321,荣　,510300
2284,510322,富顺,510300
2285,510401,市辖,510400
2286,510402,东　,510400
2287,510403,西　,510400
2288,510411,仁和,510400
2289,510421,米易,510400
2290,510422,盐边,510400
2291,510501,市辖,510500
2292,510502,江阳,510500
2293,510503,纳溪,510500
2294,510504,龙马潭,510500
2295,510521,泸　,510500
2296,510522,合江,510500
2297,510524,叙永,510500
2298,510525,古蔺,510500
2299,510601,市辖,510600
2300,510603,旌阳,510600
2301,510623,中江,510600
2302,510626,罗江,510600
2303,510681,广汉市,510600
2304,510682,什邡市,510600
2305,510683,绵竹市,510600
2306,510701,市辖,510700
2307,510703,涪城,510700
2308,510704,游仙,510700
2309,510722,三台,510700
2310,510723,盐亭,510700
2311,510724,安　,510700
2312,510725,梓潼,510700
2313,510726,北川羌族自治,510700
2314,510727,平武,510700
2315,510781,江油市,510700
2316,510801,市辖,510800
2317,510802,市中,510800
2318,510811,元坝,510800
2319,510812,朝天,510800
2320,510821,旺苍,510800
2321,510822,青川,510800
2322,510823,剑阁,510800
2323,510824,苍溪,510800
2324,510901,市辖,510900
2325,510903,船山,510900
2326,510904,安居,510900
2327,510921,蓬溪,510900
2328,510922,射洪,510900
2329,510923,大英,510900
2330,511001,市辖,511000
2331,511002,市中,511000
2332,511011,东兴,511000
2333,511024,威远,511000
2334,511025,资中,511000
2335,511028,隆昌,511000
2336,511101,市辖,511100
2337,511102,市中,511100
2338,511111,沙湾,511100
2339,511112,五通桥,511100
2340,511113,金口河,511100
2341,511123,犍为,511100
2342,511124,井研,511100
2343,511126,夹江,511100
2344,511129,沐川,511100
2345,511132,峨边彝族自治,511100
2346,511133,马边彝族自治,511100
2347,511181,峨眉山市,511100
2348,511301,市辖,511300
2349,511302,顺庆,511300
2350,511303,高坪,511300
2351,511304,嘉陵,511300
2352,511321,南部,511300
2353,511322,营山,511300
2354,511323,蓬安,511300
2355,511324,仪陇,511300
2356,511325,西充,511300
2357,511381,阆中市,511300
2358,511401,市辖,511400
2359,511402,东坡,511400
2360,511421,仁寿,511400
2361,511422,彭山,511400
2362,511423,洪雅,511400
2363,511424,丹棱,511400
2364,511425,青神,511400
2365,511501,市辖,511500
2366,511502,翠屏,511500
2367,511521,宜宾,511500
2368,511522,南溪,511500
2369,511523,江安,511500
2370,511524,长宁,511500
2371,511525,高　,511500
2372,511526,珙　,511500
2373,511527,筠连,511500
2374,511528,兴文,511500
2375,511529,屏山,511500
2376,511601,市辖,511600
2377,511602,广安,511600
2378,511621,岳池,511600
2379,511622,武胜,511600
2380,511623,邻水,511600
2381,511681,华莹市,511600
2382,511701,市辖,511700
2383,511702,通川,511700
2384,511721,达　,511700
2385,511722,宣汉,511700
2386,511723,开江,511700
2387,511724,大竹,511700
2388,511725,渠　,511700
2389,511781,万源市,511700
2390,511801,市辖,511800
2391,511802,雨城,511800
2392,511821,名山,511800
2393,511822,荥经,511800
2394,511823,汉源,511800
2395,511824,石棉,511800
2396,511825,天全,511800
2397,511826,芦山,511800
2398,511827,宝兴,511800
2399,511901,市辖,511900
2400,511902,巴州,511900
2401,511921,通江,511900
2402,511922,南江,511900
2403,511923,平昌,511900
2404,512001,市辖,512000
2405,512002,雁江,512000
2406,512021,安岳,512000
2407,512022,乐至,512000
2408,512081,简阳市,512000
2409,513221,汶川,513200
2410,513222,理　,513200
2411,513223,茂　,513200
2412,513224,松潘,513200
2413,513225,九寨沟,513200
2414,513226,金川,513200
2415,513227,小金,513200
2416,513228,黑水,513200
2417,513229,马尔康,513200
2418,513230,壤塘,513200
2419,513231,阿坝,513200
2420,513232,若尔盖,513200
2421,513233,红原,513200
2422,513321,康定,513300
2423,513322,泸定,513300
2424,513323,丹巴,513300
2425,513324,九龙,513300
2426,513325,雅江,513300
2427,513326,道孚,513300
2428,513327,炉霍,513300
2429,513328,甘孜,513300
2430,513329,新龙,513300
2431,513330,德格,513300
2432,513331,白玉,513300
2433,513332,石渠,513300
2434,513333,色达,513300
2435,513334,理塘,513300
2436,513335,巴塘,513300
2437,513336,乡城,513300
2438,513337,稻城,513300
2439,513338,得荣,513300
2440,513401,西昌市,513400
2441,513422,木里藏族自治,513400
2442,513423,盐源,513400
2443,513424,德昌,513400
2444,513425,会理,513400
2445,513426,会东,513400
2446,513427,宁南,513400
2447,513428,普格,513400
2448,513429,布拖,513400
2449,513430,金阳,513400
2450,513431,昭觉,513400
2451,513432,喜德,513400
2452,513433,冕宁,513400
2453,513434,越西,513400
2454,513435,甘洛,513400
2455,513436,美姑,513400
2456,513437,雷波,513400
2457,520101,市辖,520100
2458,520102,南明,520100
2459,520103,云岩,520100
2460,520111,花溪,520100
2461,520112,乌当,520100
2462,520113,白云,520100
2463,520114,小河,520100
2464,520121,开阳,520100
2465,520122,息烽,520100
2466,520123,修文,520100
2467,520181,清镇市,520100
2468,520201,钟山,520200
2469,520203,六枝特,520200
2470,520221,水城,520200
2471,520222,盘　,520200
2472,520301,市辖,520300
2473,520302,红花岗,520300
2474,520303,汇川,520300
2475,520321,遵义,520300
2476,520322,桐梓,520300
2477,520323,绥阳,520300
2478,520324,正安,520300
2479,520325,道真仡佬族苗族自治,520300
2480,520326,务川仡佬族苗族自治,520300
2481,520327,凤冈,520300
2482,520328,湄潭,520300
2483,520329,余庆,520300
2484,520330,习水,520300
2485,520381,赤水市,520300
2486,520382,仁怀市,520300
2487,520401,市辖,520400
2488,520402,西秀,520400
2489,520421,平坝,520400
2490,520422,普定,520400
2491,520423,镇宁布依族苗族自治,520400
2492,520424,关岭布依族苗族自治,520400
2493,520425,紫云苗族布依族自治,520400
2494,522201,铜仁市,522200
2495,522222,江口,522200
2496,522223,玉屏侗族自治,522200
2497,522224,石阡,522200
2498,522225,思南,522200
2499,522226,印江土家族苗族自治,522200
2500,522227,德江,522200
2501,522228,沿河土家族自治,522200
2502,522229,松桃苗族自治,522200
2503,522230,万山特,522200
2504,522301,兴义市,522300
2505,522322,兴仁,522300
2506,522323,普安,522300
2507,522324,晴隆,522300
2508,522325,贞丰,522300
2509,522326,望谟,522300
2510,522327,册亨,522300
2511,522328,安龙,522300
2512,522401,毕节市,522400
2513,522422,大方,522400
2514,522423,黔西,522400
2515,522424,金沙,522400
2516,522425,织金,522400
2517,522426,纳雍,522400
2518,522427,威宁彝族回族苗族自治,522400
2519,522428,赫章,522400
2520,522601,凯里市,522600
2521,522622,黄平,522600
2522,522623,施秉,522600
2523,522624,三穗,522600
2524,522625,镇远,522600
2525,522626,岑巩,522600
2526,522627,天柱,522600
2527,522628,锦屏,522600
2528,522629,剑河,522600
2529,522630,台江,522600
2530,522631,黎平,522600
2531,522632,榕江,522600
2532,522633,从江,522600
2533,522634,雷山,522600
2534,522635,麻江,522600
2535,522636,丹寨,522600
2536,522701,都匀市,522700
2537,522702,福泉市,522700
2538,522722,荔波,522700
2539,522723,贵定,522700
2540,522725,瓮安,522700
2541,522726,独山,522700
2542,522727,平塘,522700
2543,522728,罗甸,522700
2544,522729,长顺,522700
2545,522730,龙里,522700
2546,522731,惠水,522700
2547,522732,三都水族自治,522700
2548,530101,市辖,530100
2549,530102,五华,530100
2550,530103,盘龙,530100
2551,530111,官渡,530100
2552,530112,西山,530100
2553,530113,东川,530100
2554,530121,呈贡,530100
2555,530122,晋宁,530100
2556,530124,富民,530100
2557,530125,宜良,530100
2558,530126,石林彝族自治,530100
2559,530127,嵩明,530100
2560,530128,禄劝彝族苗族自治,530100
2561,530129,寻甸回族彝族自治,530100
2562,530181,安宁市,530100
2563,530301,市辖,530300
2564,530302,麒麟,530300
2565,530321,马龙,530300
2566,530322,陆良,530300
2567,530323,师宗,530300
2568,530324,罗平,530300
2569,530325,富源,530300
2570,530326,会泽,530300
2571,530328,沾益,530300
2572,530381,宣威市,530300
2573,530401,市辖,530400
2574,530402,红塔,530400
2575,530421,江川,530400
2576,530422,澄江,530400
2577,530423,通海,530400
2578,530424,华宁,530400
2579,530425,易门,530400
2580,530426,峨山彝族自治,530400
2581,530427,新平彝族傣族自治,530400
2582,530428,元江哈尼族彝族傣族自治,530400
2583,530501,市辖,530500
2584,530502,隆阳,530500
2585,530521,施甸,530500
2586,530522,腾冲,530500
2587,530523,龙陵,530500
2588,530524,昌宁,530500
2589,530601,市辖,530600
2590,530602,昭阳,530600
2591,530621,鲁甸,530600
2592,530622,巧家,530600
2593,530623,盐津,530600
2594,530624,大关,530600
2595,530625,永善,530600
2596,530626,绥江,530600
2597,530627,镇雄,530600
2598,530628,彝良,530600
2599,530629,威信,530600
2600,530630,水富,530600
2601,530701,市辖,530700
2602,530702,古城,530700
2603,530721,玉龙纳西族自治,530700
2604,530722,永胜,530700
2605,530723,华坪,530700
2606,530724,宁蒗彝族自治,530700
2607,530801,市辖,530800
2608,530802,翠云,530800
2609,530821,普洱哈尼族彝族自治,530800
2610,530822,墨江哈尼族自治,530800
2611,530823,景东彝族自治,530800
2612,530824,景谷傣族彝族自治,530800
2613,530825,镇沅彝族哈尼族拉祜族自治,530800
2614,530826,江城哈尼族彝族自治,530800
2615,530827,孟连傣族拉祜族佤族自治,530800
2616,530828,澜沧拉祜族自治,530800
2617,530829,西盟佤族自治,530800
2618,530901,市辖,530900
2619,530902,临翔,530900
2620,530921,凤庆,530900
2621,530922,云　,530900
2622,530923,永德,530900
2623,530924,镇康,530900
2624,530925,双江拉祜族佤族布朗族傣族自治,530900
2625,530926,耿马傣族佤族自治,530900
2626,530927,沧源佤族自治,530900
2627,532301,楚雄市,532300
2628,532322,双柏,532300
2629,532323,牟定,532300
2630,532324,南华,532300
2631,532325,姚安,532300
2632,532326,大姚,532300
2633,532327,永仁,532300
2634,532328,元谋,532300
2635,532329,武定,532300
2636,532331,禄丰,532300
2637,532501,个旧市,532500
2638,532502,开远市,532500
2639,532522,蒙自,532500
2640,532523,屏边苗族自治,532500
2641,532524,建水,532500
2642,532525,石屏,532500
2643,532526,弥勒,532500
2644,532527,泸西,532500
2645,532528,元阳,532500
2646,532529,红河,532500
2647,532530,金平苗族瑶族傣族自治,532500
2648,532531,绿春,532500
2649,532532,河口瑶族自治,532500
2650,532621,文山,532600
2651,532622,砚山,532600
2652,532623,西畴,532600
2653,532624,麻栗坡,532600
2654,532625,马关,532600
2655,532626,丘北,532600
2656,532627,广南,532600
2657,532628,富宁,532600
2658,532801,景洪市,532800
2659,532822,勐海,532800
2660,532823,勐腊,532800
2661,532901,大理市,532900
2662,532922,漾濞彝族自治,532900
2663,532923,祥云,532900
2664,532924,宾川,532900
2665,532925,弥渡,532900
2666,532926,南涧彝族自治,532900
2667,532927,巍山彝族回族自治,532900
2668,532928,永平,532900
2669,532929,云龙,532900
2670,532930,洱源,532900
2671,532931,剑川,532900
2672,532932,鹤庆,532900
2673,533102,瑞丽市,533100
2674,533103,潞西市,533100
2675,533122,梁河,533100
2676,533123,盈江,533100
2677,533124,陇川,533100
2678,533321,泸水,533300
2679,533323,福贡,533300
2680,533324,贡山独龙族怒族自治,533300
2681,533325,兰坪白族普米族自治,533300
2682,533421,香格里拉,533400
2683,533422,德钦,533400
2684,533423,维西傈僳族自治,533400
2685,540101,市辖,540100
2686,540102,城关,540100
2687,540121,林周,540100
2688,540122,当雄,540100
2689,540123,尼木,540100
2690,540124,曲水,540100
2691,540125,堆龙德庆,540100
2692,540126,达孜,540100
2693,540127,墨竹工卡,540100
2694,542121,昌都,542100
2695,542122,江达,542100
2696,542123,贡觉,542100
2697,542124,类乌齐,542100
2698,542125,丁青,542100
2699,542126,察雅,542100
2700,542127,八宿,542100
2701,542128,左贡,542100
2702,542129,芒康,542100
2703,542132,洛隆,542100
2704,542133,边坝,542100
2705,542221,乃东,542200
2706,542222,扎囊,542200
2707,542223,贡嘎,542200
2708,542224,桑日,542200
2709,542225,琼结,542200
2710,542226,曲松,542200
2711,542227,措美,542200
2712,542228,洛扎,542200
2713,542229,加查,542200
2714,542231,隆子,542200
2715,542232,错那,542200
2716,542233,浪卡子,542200
2717,542301,日喀则市,542300
2718,542322,南木林,542300
2719,542323,江孜,542300
2720,542324,定日,542300
2721,542325,萨迦,542300
2722,542326,拉孜,542300
2723,542327,昂仁,542300
2724,542328,谢通门,542300
2725,542329,白朗,542300
2726,542330,仁布,542300
2727,542331,康马,542300
2728,542332,定结,542300
2729,542333,仲巴,542300
2730,542334,亚东,542300
2731,542335,吉隆,542300
2732,542336,聂拉木,542300
2733,542337,萨嘎,542300
2734,542338,岗巴,542300
2735,542421,那曲,542400
2736,542422,嘉黎,542400
2737,542423,比如,542400
2738,542424,聂荣,542400
2739,542425,安多,542400
2740,542426,申扎,542400
2741,542427,索　,542400
2742,542428,班戈,542400
2743,542429,巴青,542400
2744,542430,尼玛,542400
2745,542521,普兰,542500
2746,542522,札达,542500
2747,542523,噶尔,542500
2748,542524,日土,542500
2749,542525,革吉,542500
2750,542526,改则,542500
2751,542527,措勤,542500
2752,542621,林芝,542600
2753,542622,工布江达,542600
2754,542623,米林,542600
2755,542624,墨脱,542600
2756,542625,波密,542600
2757,542626,察隅,542600
2758,542627,朗　,542600
2759,610101,市辖,610100
2760,610102,新城,610100
2761,610103,碑林,610100
2762,610104,莲湖,610100
2763,610111,灞桥,610100
2764,610112,未央,610100
2765,610113,雁塔,610100
2766,610114,阎良,610100
2767,610115,临潼,610100
2768,610116,长安,610100
2769,610122,蓝田,610100
2770,610124,周至,610100
2771,610125,户　,610100
2772,610126,高陵,610100
2773,610201,市辖,610200
2774,610202,王益,610200
2775,610203,印台,610200
2776,610204,耀州,610200
2777,610222,宜君,610200
2778,610301,市辖,610300
2779,610302,渭滨,610300
2780,610303,金台,610300
2781,610304,陈仓,610300
2782,610322,凤翔,610300
2783,610323,岐山,610300
2784,610324,扶风,610300
2785,610326,眉　,610300
2786,610327,陇　,610300
2787,610328,千阳,610300
2788,610329,麟游,610300
2789,610330,凤　,610300
2790,610331,太白,610300
2791,610401,市辖,610400
2792,610402,秦都,610400
2793,610403,杨凌,610400
2794,610404,渭城,610400
2795,610422,三原,610400
2796,610423,泾阳,610400
2797,610424,乾　,610400
2798,610425,礼泉,610400
2799,610426,永寿,610400
2800,610427,彬　,610400
2801,610428,长武,610400
2802,610429,旬邑,610400
2803,610430,淳化,610400
2804,610431,武功,610400
2805,610481,兴平市,610400
2806,610501,市辖,610500
2807,610502,临渭,610500
2808,610521,华　,610500
2809,610522,潼关,610500
2810,610523,大荔,610500
2811,610524,合阳,610500
2812,610525,澄城,610500
2813,610526,蒲城,610500
2814,610527,白水,610500
2815,610528,富平,610500
2816,610581,韩城市,610500
2817,610582,华阴市,610500
2818,610601,市辖,610600
2819,610602,宝塔,610600
2820,610621,延长,610600
2821,610622,延川,610600
2822,610623,子长,610600
2823,610624,安塞,610600
2824,610625,志丹,610600
2825,610626,吴旗,610600
2826,610627,甘泉,610600
2827,610628,富　,610600
2828,610629,洛川,610600
2829,610630,宜川,610600
2830,610631,黄龙,610600
2831,610632,黄陵,610600
2832,610701,市辖,610700
2833,610702,汉台,610700
2834,610721,南郑,610700
2835,610722,城固,610700
2836,610723,洋　,610700
2837,610724,西乡,610700
2838,610725,勉　,610700
2839,610726,宁强,610700
2840,610727,略阳,610700
2841,610728,镇巴,610700
2842,610729,留坝,610700
2843,610730,佛坪,610700
2844,610801,市辖,610800
2845,610802,榆阳,610800
2846,610821,神木,610800
2847,610822,府谷,610800
2848,610823,横山,610800
2849,610824,靖边,610800
2850,610825,定边,610800
2851,610826,绥德,610800
2852,610827,米脂,610800
2853,610828,佳　,610800
2854,610829,吴堡,610800
2855,610830,清涧,610800
2856,610831,子洲,610800
2857,610901,市辖,610900
2858,610902,汉滨,610900
2859,610921,汉阴,610900
2860,610922,石泉,610900
2861,610923,宁陕,610900
2862,610924,紫阳,610900
2863,610925,岚皋,610900
2864,610926,平利,610900
2865,610927,镇坪,610900
2866,610928,旬阳,610900
2867,610929,白河,610900
2868,611001,市辖,611000
2869,611002,商州,611000
2870,611021,洛南,611000
2871,611022,丹凤,611000
2872,611023,商南,611000
2873,611024,山阳,611000
2874,611025,镇安,611000
2875,611026,柞水,611000
2876,620101,市辖,620100
2877,620102,城关,620100
2878,620103,七里河,620100
2879,620104,西固,620100
2880,620105,安宁,620100
2881,620111,红古,620100
2882,620121,永登,620100
2883,620122,皋兰,620100
2884,620123,榆中,620100
2885,620201,市辖,620200
2886,620301,市辖,620300
2887,620302,金川,620300
2888,620321,永昌,620300
2889,620401,市辖,620400
2890,620402,白银,620400
2891,620403,平川,620400
2892,620421,靖远,620400
2893,620422,会宁,620400
2894,620423,景泰,620400
2895,620501,市辖,620500
2896,620502,秦城,620500
2897,620503,北道,620500
2898,620521,清水,620500
2899,620522,秦安,620500
2900,620523,甘谷,620500
2901,620524,武山,620500
2902,620525,张家川回族自治,620500
2903,620601,市辖,620600
2904,620602,凉州,620600
2905,620621,民勤,620600
2906,620622,古浪,620600
2907,620623,天祝藏族自治,620600
2908,620701,市辖,620700
2909,620702,甘州,620700
2910,620721,肃南裕固族自治,620700
2911,620722,民乐,620700
2912,620723,临泽,620700
2913,620724,高台,620700
2914,620725,山丹,620700
2915,620801,市辖,620800
2916,620802,崆峒,620800
2917,620821,泾川,620800
2918,620822,灵台,620800
2919,620823,崇信,620800
2920,620824,华亭,620800
2921,620825,庄浪,620800
2922,620826,静宁,620800
2923,620901,市辖,620900
2924,620902,肃州,620900
2925,620921,金塔,620900
2926,620922,安西,620900
2927,620923,肃北蒙古族自治,620900
2928,620924,阿克塞哈萨克族自治,620900
2929,620981,玉门市,620900
2930,620982,敦煌市,620900
2931,621001,市辖,621000
2932,621002,西峰,621000
2933,621021,庆城,621000
2934,621022,环　,621000
2935,621023,华池,621000
2936,621024,合水,621000
2937,621025,正宁,621000
2938,621026,宁　,621000
2939,621027,镇原,621000
2940,621101,市辖,621100
2941,621102,安定,621100
2942,621121,通渭,621100
2943,621122,陇西,621100
2944,621123,渭源,621100
2945,621124,临洮,621100
2946,621125,漳　,621100
2947,621126,岷　,621100
2948,621201,市辖,621200
2949,621202,武都,621200
2950,621221,成　,621200
2951,621222,文　,621200
2952,621223,宕昌,621200
2953,621224,康　,621200
2954,621225,西和,621200
2955,621226,礼　,621200
2956,621227,徽　,621200
2957,621228,两当,621200
2958,622901,临夏市,622900
2959,622921,临夏,622900
2960,622922,康乐,622900
2961,622923,永靖,622900
2962,622924,广河,622900
2963,622925,和政,622900
2964,622926,东乡族自治,622900
2965,622927,积石山保安族东乡族撒拉族自治,622900
2966,623001,合作市,623000
2967,623021,临潭,623000
2968,623022,卓尼,623000
2969,623023,舟曲,623000
2970,623024,迭部,623000
2971,623025,玛曲,623000
2972,623026,碌曲,623000
2973,623027,夏河,623000
2974,630101,市辖,630100
2975,630102,城东,630100
2976,630103,城中,630100
2977,630104,城西,630100
2978,630105,城北,630100
2979,630121,大通回族土族自治,630100
2980,630122,湟中,630100
2981,630123,湟源,630100
2982,632121,平安,632100
2983,632122,民和回族土族自治,632100
2984,632123,乐都,632100
2985,632126,互助土族自治,632100
2986,632127,化隆回族自治,632100
2987,632128,循化撒拉族自治,632100
2988,632221,门源回族自治,632200
2989,632222,祁连,632200
2990,632223,海晏,632200
2991,632224,刚察,632200
2992,632321,同仁,632300
2993,632322,尖扎,632300
2994,632323,泽库,632300
2995,632324,河南蒙古族自治,632300
2996,632521,共和,632500
2997,632522,同德,632500
2998,632523,贵德,632500
2999,632524,兴海,632500
3000,632525,贵南,632500
3001,632621,玛沁,632600
3002,632622,班玛,632600
3003,632623,甘德,632600
3004,632624,达日,632600
3005,632625,久治,632600
3006,632626,玛多,632600
3007,632721,玉树,632700
3008,632722,杂多,632700
3009,632723,称多,632700
3010,632724,治多,632700
3011,632725,囊谦,632700
3012,632726,曲麻莱,632700
3013,632801,格尔木市,632800
3014,632802,德令哈市,632800
3015,632821,乌兰,632800
3016,632822,都兰,632800
3017,632823,天峻,632800
3018,640101,市辖,640100
3019,640104,兴庆,640100
3020,640105,西夏,640100
3021,640106,金凤,640100
3022,640121,永宁,640100
3023,640122,贺兰,640100
3024,640181,灵武市,640100
3025,640201,市辖,640200
3026,640202,大武口,640200
3027,640205,惠农,640200
3028,640221,平罗,640200
3029,640301,市辖,640300
3030,640302,利通,640300
3031,640323,盐池,640300
3032,640324,同心,640300
3033,640381,青铜峡市,640300
3034,640401,市辖,640400
3035,640402,原州,640400
3036,640422,西吉,640400
3037,640423,隆德,640400
3038,640424,泾源,640400
3039,640425,彭阳,640400
3040,640501,市辖,640500
3041,640502,沙坡头,640500
3042,640521,中宁,640500
3043,640522,海原,640500
3044,650101,市辖,650100
3045,650102,天山,650100
3046,650103,沙依巴克,650100
3047,650104,新市,650100
3048,650105,水磨沟,650100
3049,650106,头屯河,650100
3050,650107,达坂城,650100
3051,650108,东山,650100
3052,650121,乌鲁木齐,650100
3053,650201,市辖,650200
3054,650202,独山子,650200
3055,650203,克拉玛依,650200
3056,650204,白碱滩,650200
3057,650205,乌尔禾,650200
3058,652101,吐鲁番市,652100
3059,652122,鄯善,652100
3060,652123,托克逊,652100
3061,652201,哈密市,652200
3062,652222,巴里坤哈萨克自治,652200
3063,652223,伊吾,652200
3064,652301,昌吉市,652300
3065,652302,阜康市,652300
3066,652303,米泉市,652300
3067,652323,呼图壁,652300
3068,652324,玛纳斯,652300
3069,652325,奇台,652300
3070,652327,吉木萨尔,652300
3071,652328,木垒哈萨克自治,652300
3072,652701,博乐市,652700
3073,652722,精河,652700
3074,652723,温泉,652700
3075,652801,库尔勒市,652800
3076,652822,轮台,652800
3077,652823,尉犁,652800
3078,652824,若羌,652800
3079,652825,且末,652800
3080,652826,焉耆回族自治,652800
3081,652827,和静,652800
3082,652828,和硕,652800
3083,652829,博湖,652800
3084,652901,阿克苏市,652900
3085,652922,温宿,652900
3086,652923,库车,652900
3087,652924,沙雅,652900
3088,652925,新和,652900
3089,652926,拜城,652900
3090,652927,乌什,652900
3091,652928,阿瓦提,652900
3092,652929,柯坪,652900
3093,653001,阿图什市,653000
3094,653022,阿克陶,653000
3095,653023,阿合奇,653000
3096,653024,乌恰,653000
3097,653101,喀什市,653100
3098,653121,疏附,653100
3099,653122,疏勒,653100
3100,653123,英吉沙,653100
3101,653124,泽普,653100
3102,653125,莎车,653100
3103,653126,叶城,653100
3104,653127,麦盖提,653100
3105,653128,岳普湖,653100
3106,653129,伽师,653100
3107,653130,巴楚,653100
3108,653131,塔什库尔干塔吉克自治,653100
3109,653201,和田市,653200
3110,653221,和田,653200
3111,653222,墨玉,653200
3112,653223,皮山,653200
3113,653224,洛浦,653200
3114,653225,策勒,653200
3115,653226,于田,653200
3116,653227,民丰,653200
3117,654002,伊宁市,654000
3118,654003,奎屯市,654000
3119,654021,伊宁,654000
3120,654022,察布查尔锡伯自治,654000
3121,654023,霍城,654000
3122,654024,巩留,654000
3123,654025,新源,654000
3124,654026,昭苏,654000
3125,654027,特克斯,654000
3126,654028,尼勒克,654000
3127,654201,塔城市,654200
3128,654202,乌苏市,654200
3129,654221,额敏,654200
3130,654223,沙湾,654200
3131,654224,托里,654200
3132,654225,裕民,654200
3133,654226,和布克赛尔蒙古自治,654200
3134,654301,阿勒泰市,654300
3135,654321,布尔津,654300
3136,654322,富蕴,654300
3137,654323,福海,654300
3138,654324,哈巴河,654300
3139,654325,青河,654300
3140,654326,吉木乃,654300
3141,659001,石河子市,659000
3142,659002,阿拉尔市,659000
3143,659003,图木舒克市,659000
3144,659004,五家渠市,659000